120 41 188 87 150 57 53 106 24 101 124 61 172 14 89 81 104 108 119 141
91 182 194 175 29 14 69 9 11 148 103 134 84 38 50 167 87 67 12 15
120 200 104 12 39 180 125 26 102 137 139 1 65 7 146 41 82 16 56 8
105 35 186 12 195 54 121 138 169 66 74 14 119 158 150 192 187 2 25 27
45 129 159 128 146 165 86 113 68 152 186 2 192 197 38 134 21 131 182 148
78 159 67 6 148 167 20 65 42 47 79 192 110 12 131 154 140 3 50 93
126 177 155 67 21 69 31 39 105 151 158 123 87 41 9 58 11 189 200 34
183 161 122 182 200 36 90 114 165 179 56 187 47 38 58 1 20 168 76 51
39 186 102 107 154 132 1 158 114 60 193 169 93 46 142 108 109 156 13 124
104 193 1 164 114 5 130 42 150 183 109 122 159 11 195 182 13 20 171 70
36 157 140 122 1 171 96 117 105 69 196 174 24 19 23 76 63 35 61 178
168 153 118 47 53 134 174 129 66 46 13 106 198 19 190 54 5 86 72 160
100 39 176 67 125 90 51 10 181 1 84 142 49 40 9 158 198 69 88 106
113 102 51 60 4 87 30 190 155 42 151 48 35 76 173 143 164 105 178 20
66 163 108 33 97 101 63 161 73 91 114 195 185 120 3 143 55 158 64 47
77 124 111 158 31 68 16 48 136 112 116 15 166 14 55 168 182 103 86 38
58 13 99 158 9 103 73 190 18 6 21 115 144 170 83 192 165 86 4 127
148 178 5 18 56 36 67 82 193 52 182 45 96 183 97 198 179 22 177 20
167 15 146 66 29 35 105 123 155 28 34 45 140 21 177 20 90 154 6 92
22 24 4 30 172 145 80 166 61 13 164 112 129 50 82 157 91 187 43 133
