159 90 68 126 70 69 53 22 5 182 21 98 15 30 8 181 4 134 184 46
122 25 134 1 4 57 79 83 31 45 76 140 166 37 115 170 61 36 161 116
27 137 106 84 195 126 165 170 127 96 59 53 4 128 78 81 64 48 14 5
142 66 148 189 167 193 104 24 196 8 25 41 99 163 172 74 139 157 3 107
155 116 178 133 149 150 57 101 104 106 159 29 7 10 142 23 72 154 166 125
144 168 194 44 31 181 14 55 41 163 152 156 59 13 93 4 117 153 198 106
17 58 132 121 36 116 130 171 148 75 113 140 196 127 181 129 180 80 71 81
94 68 37 111 110 156 199 79 76 193 3 105 103 78 84 60 64 187 155 11
75 127 190 134 197 14 25 122 23 149 1 83 179 3 30 103 91 114 54 105
61 68 100 74 55 168 45 187 158 28 151 108 161 197 132 103 82 32 130 80
119 162 176 134 97 156 32 123 165 183 25 150 160 137 45 56 60 191 181 72
192 59 49 134 116 75 190 56 177 90 11 103 122 4 71 170 191 188 136 18
107 115 54 191 173 184 180 96 66 98 179 166 159 23 64 6 146 143 10 130
66 65 45 136 17 39 1 157 175 178 124 4 128 68 44 71 10 159 62 49
58 149 99 129 105 86 188 108 78 181 171 179 186 138 104 107 150 142 185 187
34 141 72 47 2 143 21 12 134 50 91 62 78 154 162 130 112 103 149 116
52 79 32 150 194 138 64 112 6 13 15 42 180 149 169 114 44 185 147 37
168 149 72 75 11 29 191 133 96 28 39 105 63 91 126 53 144 166 175 110
81 126 109 44 60 73 66 116 69 47 56 196 171 48 198 63 121 166 101 51
175 164 34 135 76 159 163 158 54 31 149 176 161 200 47 154 162 116 41 183
