19    20    16    8    16    8    13    15    14    19    4    10    10    17    5    3    3    7    12    15
2    9    9    10    14    18    7    16    11    2    1    13    20    13    1    11    5    7    11    15
7    16    15    20    20    11    6    3    18    2    17    10    4    6    11    19    11    1    8    20
15    13    7    7    11    11    18    3    19    16    12    1    1    9    1    17    11    20    5    1
7    12    18    4    8    8    15    15    7    1    2    18    9    18    3    6    3    20    11    3
8    16    2    16    11    4    5    16    18    10    13    13    13    9    16    13    1    3    18    14
18    14    12    9    14    3    4    13    10    1    13    10    1    20    3    3    19    18    20    10
5    6    18    16    19    6    19    2    20    18    12    8    12    13    10    9    9    9    9    8
15    14    15    15    11    18    16    1    3    7    14    2    15    7    13    1    6    2    6    17
3    11    7    2    3    13    14    7    12    19    17    7    17    4    3    15    20    19    19    6
14    6    17    2    3    13    15    18    6    3    10    6    13    15    20    14    1    18    20    16
9    16    11    15    9    6    17    20    13    20    4    15    1    16    11    18    5    8    10    15
1    8    17    16    2    11    3    8    18    11    20    17    12    7    9    2    1    20    20    11
16    19    13    9    11    5    2    9    1    10    8    18    14    13    15    3    14    17    4    11
13    13    1    6    5    15    7    4    16    9    15    16    8    4    10    13    20    17    2    5
11    14    13    4    4    16    1    19    4    7    5    13    15    5    15    19    15    19    9    4
13    6    9    11    20    11    16    12    5    20    20    6    15    5    6    17    13    2    14    12
4    13    12    4    9    9    11    12    1    5    8    14    6    13    3    9    4    1    15    11
5    4    10    3    12    6    2    11    8    1    10    19    1    16    1    17    10    2    15    4
2    16    18    6    9    10    4    15    18    11    2    18    9    1    14    6    18    2    4    14
