61   78    80    70    49    37    84    60    31    100
 85    3    9    53    20    96    36    36    50    64
97    41    67    34    76    76    40    20    32    4
41    69    91    38    33    76    91    16    2    72
42    97    15    92    51    59    7    72    75    42
15    32    52    53    40    36    50    57    2    21
98    25    13    45    3    38    10    39    90    84
44    23    83    8    5    73    92    84    95    46
67    13    25    87    82    69    91    85    53    60
47    18    18    83    16    24    53    19    57    38
